1691463800227 6.089100790551918 46000
1691463811151 6.5242930651527296 95000
1691463821799 5.917060080817162 145000
1691463832571 5.330253277284298 191000
1691463843225 5.662543598066155 238000
1691463854130 5.079212537391992 287000
1691463864879 6.355753299177054 331000
1691463875600 5.483393110109834 379000
1691463886493 5.079212537391992 427000
1691463897372 6.325345840347388 476000
1691463908237 6.401531066862051 526000
1691463919005 6.218970975973437 575000
1691463929678 5.656889604720954 624000
