1691463800230 5.209153459534098 46000
1691463811154 5.159247506099274 95000
1691463821802 5.1118982342137 145000
1691463832574 5.191990983467112 191000
1691463843227 5.233003309838922 238000
1691463854133 5.213458608951861 287000
1691463864882 5.277937723765096 331000
1691463875603 5.270711400510672 379000
1691463886496 5.277961942985607 427000
1691463897374 5.270762707740887 476000
1691463908240 5.258557205870396 526000
1691463919007 5.2448299746739755 575000
1691463929681 5.242416607812847 624000
