1691463800150 0.010269549157884385 46000
1691463811089 0.01045536994934082 95000
1691463821738 0.009893116198087993 145000
1691463832508 0.01137746704949273 191000
1691463843172 0.011181301540798612 238000
1691463854071 0.010170161724090576 287000
1691463864820 0.011617786744061638 331000
1691463875540 0.010338707974082545 379000
1691463886434 0.010739564895629883 427000
1691463897319 0.010098814964294434 476000
1691463908185 0.010224911901685927 526000
1691463918945 0.009890973567962646 575000
1691463929619 0.010533019116050318 624000
