1691463800148 1.0810368039092366 46000
1691463811087 1.075573529401202 95000
1691463821736 1.068165001934632 145000
1691463832506 1.0930240149781234 191000
1691463843170 1.0995410535056531 238000
1691463854069 1.0935588678911574 287000
1691463864818 1.1060193310324644 331000
1691463875538 1.1027561410344513 379000
1691463886432 1.1036510577303698 427000
1691463897317 1.1004263200137172 476000
1691463908183 1.1027176309029354 526000
1691463918943 1.0991280290726815 575000
1691463929617 1.0975885389380773 624000
