1691463800147 1.988863846399579 46000
1691463811086 1.9601664017952363 95000
1691463821735 1.9399936230551866 145000
1691463832505 1.9870976488062517 191000
1691463843170 2.002463456265668 238000
1691463854069 1.9935688597353232 287000
1691463864818 2.023872501646258 331000
1691463875538 2.0177277868513532 379000
1691463886432 2.0217540193892343 427000
1691463897317 2.0129466852792635 476000
1691463908183 2.0060588822349104 526000
1691463918943 1.9978607233847208 575000
1691463929617 1.995146079123019 624000
