1691463800146 5.209153459534098 46000
1691463811086 5.159247506099274 95000
1691463821735 5.1118982342137 145000
1691463832505 5.191990983467112 191000
1691463843169 5.233003309838922 238000
1691463854068 5.213458608951861 287000
1691463864817 5.277937723765096 331000
1691463875537 5.270711400510672 379000
1691463886431 5.277961942985607 427000
1691463897317 5.270762707740887 476000
1691463908183 5.258557205870396 526000
1691463918942 5.2448299746739755 575000
1691463929616 5.242416607812847 624000
