1691463800148 0.2265789512324963 46000
1691463811087 0.254738832965107 95000
1691463821736 0.24588772783717783 145000
1691463832506 0.2477938104886242 191000
1691463843171 0.24915945304680373 238000
1691463854070 0.25128593887685935 287000
1691463864819 0.2533817423928282 331000
1691463875539 0.2593425546002779 379000
1691463886433 0.257303873326132 427000
1691463897318 0.2578199673323815 476000
1691463908184 0.2552890109303649 526000
1691463918944 0.2531582732378947 575000
1691463929618 0.2563410487629352 624000
