1691463800268 1.5135895013809204 46000
1691463811181 1.139822244644165 95000
1691463821829 1.025838017463684 145000
1691463832601 0.8579469323158264 191000
1691463843250 0.7908214330673218 238000
1691463854159 0.7585148811340332 287000
1691463864908 0.5850553512573242 331000
1691463875629 0.5742385983467102 379000
1691463886521 0.47368279099464417 427000
1691463897397 0.768122673034668 476000
1691463908262 0.6212278008460999 526000
1691463919033 0.7958110570907593 575000
1691463929707 0.7259507775306702 624000
