1691463800267 10.349809646606445 46000
1691463811181 -7.82734489440918 95000
1691463821828 4.290910720825195 145000
1691463832600 -92.31050872802734 191000
1691463843250 -7.564245700836182 238000
1691463854159 -60.064151763916016 287000
1691463864907 -39.985382080078125 331000
1691463875628 -33.430850982666016 379000
1691463886521 -23.664325714111328 427000
1691463897396 -13.572884559631348 476000
1691463908262 4.417660236358643 526000
1691463919033 32.964664459228516 575000
1691463929706 -1.7721943855285645 624000
