1691463800266 5.469710350036621 46000
1691463811180 -1.4078340530395508 95000
1691463821828 19.55771255493164 145000
1691463832600 -73.59744262695312 191000
1691463843249 7.861013412475586 238000
1691463854158 -35.8857421875 287000
1691463864907 -27.752628326416016 331000
1691463875627 -27.440673828125 379000
1691463886520 -16.763166427612305 427000
1691463897396 -12.821045875549316 476000
1691463908261 4.225754737854004 526000
1691463919032 41.888309478759766 575000
1691463929706 24.50190544128418 624000
