1691463800270 38.26392364501953 46000
1691463811182 38.26554870605469 95000
1691463821830 38.263526916503906 145000
1691463832602 38.26554489135742 191000
1691463843251 38.2706413269043 238000
1691463854160 38.27457809448242 287000
1691463864909 38.28231430053711 331000
1691463875630 38.286033630371094 379000
1691463886523 38.29410934448242 427000
1691463897398 38.29680252075195 476000
1691463908263 38.29167175292969 526000
1691463919034 38.28398895263672 575000
1691463929708 38.29271697998047 624000
