1691463800272 0.20359909534454346 46000
1691463811183 -0.03504753112792969 95000
1691463821831 0.229547381401062 145000
1691463832603 0.272317111492157 191000
1691463843252 -0.1695423126220703 238000
1691463854161 -0.006738781929016113 287000
1691463864910 0.044582486152648926 331000
1691463875630 -0.027454137802124023 379000
1691463886524 0.007620811462402344 427000
1691463897399 0.7935644388198853 476000
1691463908264 0.2512754797935486 526000
1691463919035 0.07085269689559937 575000
1691463929709 0.474453330039978 624000
