1691463800271 5.375696182250977 46000
1691463811183 24.23724365234375 95000
1691463821830 40.79198455810547 145000
1691463832603 46.00559616088867 191000
1691463843251 38.758731842041016 238000
1691463854160 55.94197082519531 287000
1691463864910 30.316059112548828 331000
1691463875630 17.722740173339844 379000
1691463886523 18.539146423339844 427000
1691463897398 9.184905052185059 476000
1691463908263 5.828466415405273 526000
1691463919035 25.80539894104004 575000
1691463929708 59.80770492553711 624000
