1691463800234 0.023404492272271052 46000
1691463811156 0.024265766143798828 95000
1691463821805 0.022788549724378084 145000
1691463832576 0.025758279694451228 191000
1691463843229 0.02595563729604085 238000
1691463854135 0.023364484310150146 287000
1691463864884 0.0263368382173426 331000
1691463875605 0.02396200832567717 379000
1691463886498 0.02475420633951823 427000
1691463897376 0.02358531951904297 476000
1691463908242 0.023748808436923556 526000
1691463919009 0.02310192584991455 575000
1691463929683 0.024306460430747585 624000
