1691463800130 4586.511450435574 46000
1691463811071 4899.9823594728405 95000
1691463821721 4999.986529386572 145000
1691463832491 4599.9835491768745 191000
1691463843157 4699.355201978984 238000
1691463854055 4899.981308054703 287000
1691463864803 4399.981536942709 331000
1691463875523 4799.962463672445 379000
1691463886418 4799.9716188201555 427000
1691463897305 4899.980022988702 476000
1691463908170 4989.834751601568 526000
1691463918929 4899.973013549658 575000
1691463929603 4874.522297948706 624000
