1691463800136 10.851730823516846 46000
1691463811076 10.749166250228882 95000
1691463821726 10.497972965240479 145000
1691463832496 10.616016864776611 191000
1691463843162 10.508796215057373 238000
1691463854059 10.747357368469238 287000
1691463864808 10.586174011230469 331000
1691463875528 10.57229208946228 379000
1691463886422 10.743422985076904 427000
1691463897309 10.743125200271606 476000
1691463908175 10.734712839126587 526000
1691463918933 10.622093915939331 575000
1691463929608 10.519611120223999 624000
