1691463800138 10.851730823516846 46000
1691463811078 21.600897073745728 95000
1691463821727 32.098870038986206 145000
1691463832497 42.71488690376282 191000
1691463843163 53.22368311882019 238000
1691463854061 63.97104048728943 287000
1691463864810 74.5572144985199 331000
1691463875530 85.12950658798218 379000
1691463886424 95.87292957305908 427000
1691463897310 106.61605477333069 476000
1691463908176 117.35076761245728 526000
1691463918935 127.9728615283966 575000
1691463929609 138.4924726486206 624000
