1691480382901 1.01875 1
1691480393897 1.7 2
1691480404564 2.3194444444444446 3
1691480415415 2.5027777777777778 4
1691480426182 3.0475 5
1691480436943 3.3555555555555556 6
1691480447475 3.4472222222222224 7
1691480458312 3.613888888888889 8
1691480468786 3.6444444444444444 9
1691480479386 3.147222222222222 10
1691480490305 3.5194444444444444 11
1691480500753 2.8055555555555554 12
1691480511229 4.05 13
1691480521742 4.088888888888889 14
1691480532427 3.936111111111111 15
1691480542966 3.775 16
1691480553935 4.421875 17
1691480564825 4.2444444444444445 18
1691480575698 4.50625 19
1691480586301 4.641666666666667 20
1691480597017 4.458333333333333 21
1691480607474 4.375 22
1691480617954 4.5475 23
1691480628687 4.7 24
1691480639436 4.491666666666666 25
1691480650215 4.530555555555556 26
1691480660953 4.753125 27
1691480671546 4.963157894736842 28
1691480682112 4.61875 29
1691480692838 4.958823529411765 30
